2 10 8 5 12 13 3 12 7 11 9 7 10 2 7 7 3 3 1 9
16 9 4 2 10 6 8 16 11 11 1 17 1 2 5 14 9 6 11 6
5 1 3 7 3 2 4 1 6 3 2 3 15 8 18 5 15 1 1 9
8 4 2 10 16 2 5 8 5 3 6 10 11 5 11 7 3 11 2 5
2 15 4 7 5 2 8 4 12 2 8 6 6 3 1 1 6 13 2 7
2 7 16 17 20 16 20 18 20 16 7 18 19 19 1 19 16 16 7 18
18 0 16 17 2 20 9 16 9 18 17 19 2 18 18 16 16 19 17 18
17 16 19 2 9 17 17 18 2 20 16 20 16 6 19 17 8 20 2 1
7 1 12 1 17 1 17 19 16 6 19 7 20 19 16 19 17 5 4 1
16 2 7 8 17 0 0 20 16 7 20 19 18 16 17 16 6 4 3 6
9 9 3 16 17 0 19 20 20 2 2 16 0 17 17 20 2 15 19 11
14 7 1 3 18 16 17 1 6 16 8 7 17 20 2 6 17 5 11 5
3 2 8 6 18 19 2 16 17 2 1 1 16 17 0 18 8 13 3 4
1 11 9 12 20 17 20 18 17 16 16 20 20 20 0 18 19 7 3 8
8 11 5 2 20 2 16 20 9 20 6 8 19 20 19 2 2 5 1 13
13 4 8 14 20 2 8 2 18 20 20 20 2 16 6 20 7 4 9 2
6 3 3 12 2 0 8 18 17 2 2 18 18 20 19 18 18 15 1 10
1 9 20 7 18 1 19 18 1 6 2 16 20 17 20 20 16 9 1 11
8 16 4 3 16 19 2 19 17 8 17 7 20 19 16 19 18 15 12 2
9 8 6 3 2 17 18 17 2 8 20 20 20 7 2 20 6 7 13 1
3 11 8 10 19 19 6 20 0 19 2 0 0 8 2 6 0 7 2 12
13 8 13 4 17 2 18 8 7 16 20 19 18 16 20 0 19 12 3 1
1 3 3 2 20 18 20 20 19 17 16 19 20 9 18 17 2 11 17 12
2 1 2 15 18 20 20 20 20 8 9 0 16 2 16 6 9 3 9 18
6 1 7 2 9 17 18 16 18 2 16 6 20 2 17 2 19 1 4 2
1 12 3 7 20 19 19 18 17 9 7 20 17 16 19 8 16 11 4 3
8 2 6 3 1 2 1 8 16 17 2 20 0 18 19 18 18 2 9 17
16 3 12 15 16 20 8 6 18 19 9 19 19 6 20 8 16 15 4 4
10 8 5 11 9 19 17 2 17 20 18 17 17 16 17 20 2 18 3 6
14 6 1 1 16 20 0 19 2 1 8 6 18 16 19 20 9 5 14 17
4 3 1 2 2 9 16 2 19 16 19 6 6 16 16 19 17 5 15 2
17 5 1 2 18 2 0 8 2 2 9 16 6 19 16 18 20 1 2 10
7 13 14 8 0 18 18 19 17 17 16 19 19 18 1 9 20 14 13 1
8 1 11 8 8 9 20 17 16 20 16 17 17 2 20 0 17 3 10 15
7 10 2 2 19 19 2 19 18 7 16 20 8 17 20 8 7 9 13 2
13 9 7 7 7 16 16 9 19 0 16 20 1 17 19 1 7 19 12 6
1 11 12 12 8 6 16 6 8 16 20 19 20 20 18 17 18 1 3 9
1 5 10 7 18 17 17 0 17 19 8 17 8 18 8 8 6 10 6 16
8 8 5 6 8 19 1 1 9 6 16 20 20 18 17 9 16 1 2 14
7 1 2 3 16 2 16 2 19 17 20 17 19 6 1 16 9 4 1 7
7 6 15 8 19 16 16 16 7 17 2 20 17 18 7 16 17 2 6 9
4 1 14 13 17 6 2 18 18 16 2 20 7 20 16 1 17 6 15 8
6 5 13 17 9 19 8 20 17 2 20 2 20 20 19 2 1 9 13 14
6 5 15 2 17 9 19 16 16 9 8 19 19 17 16 18 8 13 1 12
1 4 5 1 16 16 19 2 17 19 17 17 20 16 7 18 17 3 14 11
14 6 12 12 1 19 8 20 20 19 17 16 20 18 18 2 2 2 15 12
1 10 9 2 1 18 7 2 16 18 17 8 16 1 2 17 20 6 1 5
6 14 5 18 6 2 16 7 7 17 1 7 1 8 20 17 20 2 16 10
7 3 8 7 20 7 6 20 8 18 9 16 20 17 2 17 20 4 15 7
6 7 13 11 7 7 17 20 17 19 6 16 7 8 8 18 7 7 2 1
15 9 2 2 16 19 17 17 16 17 18 9 16 16 8 17 2 13 12 16
5 6 13 7 17 20 16 19 19 20 19 16 17 18 20 18 17 3 10 1
1 1 7 13 20 18 0 7 18 17 19 20 20 18 18 20 9 6 12 4
6 14 4 15 19 17 19 1 7 1 17 16 19 17 18 1 9 12 4 9
4 10 9 12 18 20 2 19 20 17 2 17 0 16 1 0 17 10 15 4
5 1 6 6 1 9 7 8 19 16 17 19 16 18 16 7 1 10 2 6
14 12 14 8 20 17 19 16 18 2 18 0 8 9 19 19 20 16 5 8
12 1 3 3 7 17 18 2 2 19 19 20 19 17 8 18 20 9 6 1
18 16 19 19 2 0 16 16 18 17 8 19 2 17 16 1 18 20 7 18
19 16 6 1 20 9 20 20 7 17 2 17 16 18 18 1 1 18 17 20
18 0 18 2 16 19 17 20 17 19 8 20 17 18 16 2 0 16 20 0
17 12 8 6 4 9 10 3 12 3 5 14 8 3 3 16 2 10 3 8
15 5 8 15 10 11 2 1 9 2 1 3 5 7 5 3 17 10 11 19
7 8 7 8 9 2 3 1 1 9 4 10 8 3 1 4 13 15 5 15
5 16 5 15 2 6 2 12 9 10 1 6 3 17 3 7 5 16 2 2
7 17 7 2 6 3 7 6 6 4 2 16 12 7 5 12 7 1 7 8
7 7 2 2 16 6 9 12 1 1 10 10 9 15 13 13 1 4 3 7
8 3 12 10 12 5 2 7 9 1 5 6 7 12 5 1 8 12 3 9
11 14 13 3 8 4 8 5 1 12 14 6 18 6 6 2 1 4 18 12
3 5 8 5 2 10 5 13 12 4 2 17 5 1 13 18 2 7 5 2
3 16 3 11 2 12 2 8 1 6 3 4 5 14 8 4 18 1 4 8